//Bygones
https://destinytracker.com/destiny-2/db/items/2712244741?perks=1294026524,839105230,1561002382,3425386926,1168162263,3340102521,3336648220,186337601,193028652,2285418970
https://destinytracker.com/destiny-2/db/items/2712244741?perks=1294026524,3661387068,1885400500,1015611457,1168162263,3340102521,3336648220,186337601,193028652,2285418970
https://destinytracker.com/destiny-2/db/items/2712244741?perks=1294026524,1482024992,1885400500,1015611457,1168162263,3340102521,3336648220,186337601,193028652,2285418970
https://destinytracker.com/destiny-2/db/items/2712244741?perks=1294026524,839105230,1885400500,1015611457,1168162263,3340102521,3336648220,186337601,193028652,2285418970

//Black Scorpion
https://destinytracker.com/destiny-2/db/items/525750263?perks=3364911712,3661387068,106909392,588594999,957782887,4248210736,2323986101,150943602
https://destinytracker.com/destiny-2/db/items/525750263?perks=3364911712,3661387068,106909392,588594999,2848615171,4248210736,2323986101,150943602
https://destinytracker.com/destiny-2/db/items/525750263?perks=3364911712,3661387068,106909392,588594999,47981717,4248210736,2323986101,150943602
https://destinytracker.com/destiny-2/db/items/525750263?perks=3364911712,3661387068,106909392,588594999,3425386926,4248210736,2323986101,150943602

//Last Perdition
https://destinytracker.com/destiny-2/db/items/188882152?perks=1294026524,3151536501,3177308360,1168162263,1015611457,2588739578,2323986101,150943603,2285418970
https://destinytracker.com/destiny-2/db/items/188882152?perks=1294026524,3151536501,3230963543,1168162263,1015611457,2588739578,2323986101,150943603,2285418970
https://destinytracker.com/destiny-2/db/items/188882152?perks=1294026524,3151536503,3230963543,1168162263,1015611457,2588739578,2323986101,150943603,2285418970
https://destinytracker.com/destiny-2/db/items/188882152?perks=1294026524,3151536503,3177308360,1168162263,1015611457,2588739578,2323986101,150943603,2285418970
https://destinytracker.com/destiny-2/db/items/188882152?perks=1294026524,3151536500,3177308360,1168162263,1015611457,2588739578,2323986101,150943603,2285418970
https://destinytracker.com/destiny-2/db/items/188882152?perks=1294026524,3151536500,3230963543,1168162263,1015611457,2588739578,2323986101,150943603,2285418970



